

Graph	Upper	Exact	Lower	Time(ms)Time(ms)Vertices
								(upper)	(exact)
01		8		7				960		340		68
02		10		10				880		240		40
03		4		3				970		200		60
04		11		10				1090	510		75
05		4		4				880		260		51
06				51				3920	7470	866
07		10		9				930		400		81
08		4		3				1110	650		92
09		20		16				1190	320		30
10		9		6				1330	290		40
11		25		17				1080	590		60
12		8		8				1110	970		208
13		31		31				1450	630		31
14		5		5				910		310		80
15		5		4				950		120		17
16		11		9				1040	350		55
17		3		3				1010	90		10
18		9		8				1220	790		194
19				28				900		1870	190
20		5		4				950		110		42